14:48:57 : 平板开始测试:0
14:48:57 : 取标准[前制动力和比][值60.0]
14:48:57 : 取标准[阻滞力][值10.0]
14:48:57 : 取标准[后制动力和比][值20.0]
14:48:57 : 取标准[前轴制动力过程差比][值24.0]
14:48:57 : 取标准[后轴制动力过程差比(和>60)][值30.0]
14:48:57 : 取标准[后轴制动力过程差比(和<60)][值10.0]
14:48:57 : 取标准[驻车制动比][值20.0]
14:48:57 : 取标准[整车制动比][值60.0]
14:48:57 : 取标准[侧滑合格值][值-9999.0 至 9999.0]
14:48:57 : 取标准[悬架效率和比][值40.0]
14:48:57 : 取标准[悬架效率差比][值15.0]
14:48:57 : 开始清零
14:48:58 : 清零完成
0,0,0,1,7,22,47,79,114,149,182,214,244,272,298,321,341,359,374,386,397,407,415,422,428,433,437,439,439,437,431,423,412,398,380,359,335,310,282,255,227,200,175,153,134,118,105,97,91,88,88,89,92,94,97,100,101,102,101,100,98,96,93,91,89,88,87,88,89,91,93,96,99,101,104,106,107,108,108,107,106,104,103,101,100,98,97,97,96,96,97,97,98,99,100,100,101,101,101,101,101,100,100,99,99,99,99,98,98,99,99,99,99,99,100,100,100,100,99,99,99,99,98,98,98,98,98,98,98,98,98,98,99,99,99,99,99,99,99,99,99,99,99,99,99,99,99,99,99,99,99,100,100,100,100,100,100,100,100,99,99,99,99,99,99,99,99,99,99,99,99,99,99,99,99,99,99,99,99,99,98,98,98,98,97,97,98,98,98,98,99,99,99,100,100,100,100,100,99,
98,98,36,14,8,14,32,61,97,134,170,201,226,246,260,271,279,285,291,297,303,309,314,319,323,324,324,322,317,311,302,292,279,265,249,231,213,193,173,153,133,115,97,82,68,56,47,39,34,30,28,27,27,27,27,27,28,28,27,26,25,24,22,21,19,18,17,16,16,16,16,16,17,17,17,17,17,17,17,16,15,14,13,12,11,10,9,8,7,6,6,6,5,5,5,5,5,4,4,4,4,4,4,4,4,4,4,4,4,4,4,4,4,4,4,4,4,4,4,3,3,3,2,2,2,2,1,1,1,1,1,1,1,1,1,1,1,1,1,1,1,1,1,1,1,1,1,2,2,2,2,2,2,2,2,2,2,2,1,1,1,1,1,1,1,1,1,1,0,0,0,0,0,0,0,0,0,0,0,0,0,0,0,0,0,0,0,1,1,1,2,2,2,2,2,1,1,1,2,
4,4,1,1,1,3,8,16,26,37,46,53,58,62,64,64,65,64,64,63,62,61,59,58,56,54,52,50,47,45,42,39,36,33,30,26,23,20,17,14,11,9,7,5,4,3,2,2,1,1,0,0,0,0,0,0,0,0,0,0,0,0,0,0,0,0,0,0,0,0,0,0,0,0,0,0,0,0,0,0,0,0,0,0,0,0,0,0,0,0,0,0,0,0,0,0,0,0,0,0,0,0,0,0,0,0,0,0,0,0,0,0,0,0,0,0,0,0,0,0,0,0,0,0,0,0,0,0,0,0,0,0,0,0,0,0,0,0,0,0,0,0,0,0,0,0,0,0,0,0,0,0,0,0,0,0,0,0,0,0,0,0,0,0,0,0,0,0,0,0,0,0,0,0,0,0,0,0,0,0,0,0,0,0,0,0,0,0,0,0,0,0,0,0,0,0,0,0,0,
0,0,0,0,0,1,5,12,23,35,45,54,59,63,64,64,63,62,60,58,56,55,54,53,52,52,52,52,53,53,52,52,50,49,46,44,40,36,32,28,24,20,17,13,11,8,6,5,3,2,2,1,1,0,0,0,0,0,0,0,0,0,0,0,0,0,0,0,0,0,0,0,0,0,0,0,0,0,0,0,0,0,0,0,0,0,0,0,0,0,0,0,0,0,0,0,0,0,0,0,0,0,0,0,0,0,0,0,0,0,0,0,0,0,0,0,0,0,0,0,0,0,0,0,0,0,0,0,0,0,0,0,0,0,0,0,0,0,0,0,0,0,0,0,0,0,0,0,0,0,0,0,0,0,0,0,0,0,0,0,0,0,0,0,0,0,0,0,0,0,0,0,0,0,0,0,0,0,0,0,0,0,0,0,0,0,0,0,0,0,0,0,0,0,0,0,0,0,0,
14:49:18 : 正在提交安检拍照
14:49:30 : 数据处理....0
14:49:31 : 数据处理....1
